0023301
0023302
0023303
0069001
0069002
0069003
0060701
0060702
0060703
0092501
0092502
0092503
0089801
0089802
0089803
0091301
0091302
0091303
0036301
0036302
0036303
0084001
0084002
0084003
0010601
0010602
0010603
0032801
0032802
0032803
0065401
0065402
0065403
0014001
0014002
0014003
0057501
0057502
0057503
0085801
0085802
0085803
0008801
0008802
0008803
0013401
0013402
0013403
0021801
0021802
0021803
0074201
0074202
0074203
0026001
0026002
0026003
0025701
0025702
0025703
0081101
0081102
0081103
0003501
0003502
0003503
0083001
0083002
0083003
0002001
0002002
0002003
0095301
0095302
0095303
0026201
0026202
0026203
0009101
0009102
0009103
0053101
0053102
0053103
0035201
0035202
0035203
0020801
0020802
0020803
0004001
0004002
0004003
0079401
0079402
0079403
0072901
0072902
0072903
0065901
0065902
0065903
0047601
0047602
0047603
0022801
0022802
0022803
0038601
0038602
0038603
0094101
0094102
0094103
0090701
0090702
0090703
0043201
0043202
0043203
0086301
0086302
0086303
0055801
0055802
0055803
0042901
0042902
0042903
0099901
0099902
0099903
0034801
0034802
0034803
0056501
0056502
0056503
0054301
0054302
0054303
0070101
0070102
0070103
0091501
0091502
0091503
0009901
0009902
0009903
0001101
0001102
0001103
0046801
0046802
0046803
0083101
0083102
0083103
0008401
0008402
0008403
0054001
0054002
0054003
0063101
0063102
0063103
0073401
0073402
0073403
0087401
0087402
0087403
0056601
0056602
0056603
0056101
0056102
0056103
0012001
0012002
0012003
0074501
0074502
0074503
0054201
0054202
0054203
0051301
0051302
0051303
0004201
0004202
0004203
0070801
0070802
0070803
0054901
0054902
0054903
0068801
0068802
0068803
0085501
0085502
0085503
0016901
0016902
0016903
0081001
0081002
0081003
0052001
0052002
0052003
0083401
0083402
0083403
0044801
0044802
0044803
0096401
0096402
0096403
0024501
0024502
0024503
0080501
0080502
0080503
0058901
0058902
0058903
0000401
0000402
0000403
0082201
0082202
0082203
0069201
0069202
0069203
0017501
0017502
0017503
0038501
0038502
0038503
0004901
0004902
0004903
0033401
0033402
0033403
0039101
0039102
0039103
0092401
0092402
0092403
0008501
0008502
0008503
0036001
0036002
0036003
0002601
0002602
0002603
0033301
0033302
0033303
0099101
0099102
0099103
0036901
0036902
0036903
0009201
0009202
0009203
0039201
0039202
0039203
0059101
0059102
0059103
0082601
0082602
0082603
0009701
0009702
0009703
0015701
0015702
0015703
0066901
0066902
0066903
0031001
0031002
0031003
0000601
0000602
0000603
0016701
0016702
0016703
0018101
0018102
0018103
0020001
0020002
0020003
0093101
0093102
0093103
0049801
0049802
0049803
0078401
0078402
0078403
0061001
0061002
0061003
0058601
0058602
0058603
0023201
0023202
0023203
0063301
0063302
0063303
0084501
0084502
0084503
0036701
0036702
0036703
0095501
0095502
0095503
0011201
0011202
0011203
0093401
0093402
0093403
0031801
0031802
0031803
0094701
0094702
0094703
0001601
0001602
0001603
0002901
0002902
0002903
0094801
0094802
0094803
0089601
0089602
0089603
0023601
0023602
0023603
0065301
0065302
0065303
0011601
0011602
0011603
0088101
0088102
0088103
0074701
0074702
0074703
0078101
0078102
0078103
0011301
0011302
0011303
0030701
0030702
0030703
0048101
0048102
0048103
0080601
0080602
0080603
0062301
0062302
0062303
0026401
0026402
0026403
0024301
0024302
0024303
0055701
0055702
0055703
0072301
0072302
0072303
0026601
0026602
0026603
0063601
0063602
0063603
0055101
0055102
0055103
0027301
0027302
0027303
0014401
0014402
0014403
0091001
0091002
0091003
0046401
0046402
0046403
0073301
0073302
0073303
0014101
0014102
0014103
0029201
0029202
0029203
0082001
0082002
0082003
0039501
0039502
0039503
0053301
0053302
0053303
0059901
0059902
0059903
0050201
0050202
0050203
0031601
0031602
0031603
0000101
0000102
0000103
0017001
0017002
0017003
0035401
0035402
0035403
0051401
0051402
0051403
0010501
0010502
0010503
0083201
0083202
0083203
0035701
0035702
0035703
0022501
0022502
0022503
0051601
0051602
0051603
0058001
0058002
0058003
0057601
0057602
0057603
0087201
0087202
0087203
0043901
0043902
0043903
0082401
0082402
0082403
0044101
0044102
0044103
0097601
0097602
0097603
0020601
0020602
0020603
0017201
0017202
0017203
0004801
0004802
0004803
0055501
0055502
0055503
0037601
0037602
0037603
0076101
0076102
0076103
0046701
0046702
0046703
0063801
0063802
0063803
0094901
0094902
0094903
0005201
0005202
0005203
0086801
0086802
0086803
0057401
0057402
0057403
0091101
0091102
0091103
0054801
0054802
0054803
0097901
0097902
0097903
0086601
0086602
0086603
0097001
0097002
0097003
0045301
0045302
0045303
0057801
0057802
0057803
0027001
0027002
0027003
0066201
0066202
0066203
0065501
0065502
0065503
0006701
0006702
0006703
0044301
0044302
0044303
0003401
0003402
0003403
0077501
0077502
0077503
0029901
0029902
0029903
0030101
0030102
0030103
0090501
0090502
0090503
0007801
0007802
0007803
0094501
0094502
0094503
0070701
0070702
0070703
0012201
0012202
0012203
0042401
0042402
0042403
0049201
0049202
0049203
0083901
0083902
0083903
0069101
0069102
0069103
0084401
0084402
0084403
0001301
0001302
0001303
0059001
0059002
0059003
0076501
0076502
0076503
0041901
0041902
0041903
0010201
0010202
0010203
0008001
0008002
0008003
0078201
0078202
0078203
0083801
0083802
0083803
0068501
0068502
0068503
0093501
0093502
0093503
0036401
0036402
0036403
0054701
0054702
0054703
0085101
0085102
0085103
0030901
0030902
0030903
0018801
0018802
0018803
0051001
0051002
0051003
0050101
0050102
0050103
0050001
0050002
0050003
0080201
0080202
0080203
0095401
0095402
0095403
0033101
0033102
0033103
0039301
0039302
0039303
0053501
0053502
0053503
0084201
0084202
0084203
0061501
0061502
0061503
0039901
0039902
0039903
0089901
0089902
0089903
0032201
0032202
0032203
0037501
0037502
0037503
0093701
0093702
0093703
0069601
0069602
0069603
0021501
0021502
0021503
0066501
0066502
0066503
0011501
0011502
0011503
0072801
0072802
0072803
0013101
0013102
0013103
0021601
0021602
0021603
0042501
0042502
0042503
0027801
0027802
0027803
0010701
0010702
0010703
0003201
0003202
0003203
0036601
0036602
0036603
0089701
0089702
0089703
0051701
0051702
0051703
0043401
0043402
0043403
0086501
0086502
0086503
0056701
0056702
0056703
0044001
0044002
0044003
0022001
0022002
0022003
0050401
0050402
0050403
0090901
0090902
0090903
0033901
0033902
0033903
0058801
0058802
0058803
0020901
0020902
0020903
0065101
0065102
0065103
0007401
0007402
0007403
0037401
0037402
0037403
0058201
0058202
0058203
0082801
0082802
0082803
0049601
0049602
0049603
0096601
0096602
0096603
0013001
0013002
0013003
0042301
0042302
0042303
0025201
0025202
0025203
0000301
0000302
0000303
0045501
0045502
0045503
0024701
0024702
0024703
0033501
0033502
0033503
0067801
0067802
0067803
0065701
0065702
0065703
0024001
0024002
0024003
0027101
0027102
0027103
0027901
0027902
0027903
0079101
0079102
0079103
0073601
0073602
0073603
0077401
0077402
0077403
0078701
0078702
0078703
0030001
0030002
0030003
0000901
0000902
0000903
0028101
0028102
0028103
0090201
0090202
0090203
0053801
0053802
0053803
0064201
0064202
0064203
0050501
0050502
0050503
0064501
0064502
0064503
0065001
0065002
0065003
0096001
0096002
0096003
0081601
0081602
0081603
0066101
0066102
0066103
0076801
0076802
0076803
0074901
0074902
0074903
0045201
0045202
0045203
0060101
0060102
0060103
0012101
0012102
0012103
0008301
0008302
0008303
0017701
0017702
0017703
0046601
0046602
0046603
0054101
0054102
0054103
0032101
0032102
0032103
0090101
0090102
0090103
0034901
0034902
0034903
0033201
0033202
0033203
0064701
0064702
0064703
0069701
0069702
0069703
0030501
0030502
0030503
0016001
0016002
0016003
0028901
0028902
0028903
0013201
0013202
0013203
0094401
0094402
0094403
0025901
0025902
0025903
0075301
0075302
0075303
0001701
0001702
0001703
0017901
0017902
0017903
0065201
0065202
0065203
0098701
0098702
0098703
0080101
0080102
0080103
0079001
0079002
0079003
0019601
0019602
0019603
0020201
0020202
0020203
0057301
0057302
0057303
0015201
0015202
0015203
0060001
0060002
0060003
0072201
0072202
0072203
0031901
0031902
0031903
0009601
0009602
0009603
0010401
0010402
0010403
0015801
0015802
0015803
0015101
0015102
0015103
0012401
0012402
0012403
0013901
0013902
0013903
0090301
0090302
0090303
0045701
0045702
0045703
0020401
0020402
0020403
0081901
0081902
0081903
0038201
0038202
0038203
0013601
0013602
0013603
0084101
0084102
0084103
0025501
0025502
0025503
0036201
0036202
0036203
0024801
0024802
0024803
0035501
0035502
0035503
0099301
0099302
0099303
0081801
0081802
0081803
0090801
0090802
0090803
0034401
0034402
0034403
0061701
0061702
0061703
0049501
0049502
0049503
0013301
0013302
0013303
0064901
0064902
0064903
0009801
0009802
0009803
0006301
0006302
0006303
0091601
0091602
0091603
0021401
0021402
0021403
0067901
0067902
0067903
0014701
0014702
0014703
0062101
0062102
0062103
0077201
0077202
0077203
0046301
0046302
0046303
0071901
0071902
0071903
0043101
0043102
0043103
0079901
0079902
0079903
0024601
0024602
0024603
0014201
0014202
0014203
0004301
0004302
0004303
0036501
0036502
0036503
0024901
0024902
0024903
0003301
0003302
0003303
0085201
0085202
0085203
0086101
0086102
0086103
0086901
0086902
0086903
0037801
0037802
0037803
0066401
0066402
0066403
0035901
0035902
0035903
0010001
0010002
0010003
0030601
0030602
0030603
0015601
0015602
0015603
0003901
0003902
0003903
0090601
0090602
0090603
0020501
0020502
0020503
0007901
0007902
0007903
0076701
0076702
0076703
0022901
0022902
0022903
0068301
0068302
0068303
0015001
0015002
0015003
0014301
0014302
0014303
0096501
0096502
0096503
0032701
0032702
0032703
0060901
0060902
0060903
0061101
0061102
0061103
0092201
0092202
0092203
0002801
0002802
0002803
0019201
0019202
0019203
0063501
0063502
0063503
0010101
0010102
0010103
0039401
0039402
0039403
0070501
0070502
0070503
0073201
0073202
0073203
0047001
0047002
0047003
0043701
0043702
0043703
0017101
0017102
0017103
0097501
0097502
0097503
0033801
0033802
0033803
0041801
0041802
0041803
0073501
0073502
0073503
0077701
0077702
0077703
0098101
0098102
0098103
0092901
0092902
0092903
0016401
0016402
0016403
0004401
0004402
0004403
0047701
0047702
0047703
0045801
0045802
0045803
0020301
0020302
0020303
0018301
0018302
0018303
0007701
0007702
0007703
0013701
0013702
0013703
0072501
0072502
0072503
0091201
0091202
0091203
0007601
0007602
0007603
0094201
0094202
0094203
0080801
0080802
0080803
0053901
0053902
0053903
0093301
0093302
0093303
0077101
0077102
0077103
0023801
0023802
0023803
0028401
0028402
0028403
0048701
0048702
0048703
0064601
0064602
0064603
0008601
0008602
0008603
0092601
0092602
0092603
0035301
0035302
0035303
0091401
0091402
0091403
0096701
0096702
0096703
0046201
0046202
0046203
0010301
0010302
0010303
0005101
0005102
0005103
0059201
0059202
0059203
0048801
0048802
0048803
0074601
0074602
0074603
0082101
0082102
0082103
0052501
0052502
0052503
0039001
0039002
0039003
0049101
0049102
0049103
0066601
0066602
0066603
0033601
0033602
0033603
0062001
0062002
0062003
0050601
0050602
0050603
0023101
0023102
0023103
0055401
0055402
0055403
0028801
0028802
0028803
0063401
0063402
0063403
0089501
0089502
0089503
0040401
0040402
0040403
0075201
0075202
0075203
0043801
0043802
0043803
0042801
0042802
0042803
0057101
0057102
0057103
0076001
0076002
0076003
0050901
0050902
0050903
0037101
0037102
0037103
0095701
0095702
0095703
0051201
0051202
0051203
0071701
0071702
0071703
0052801
0052802
0052803
0032001
0032002
0032003
0024401
0024402
0024403
0093201
0093202
0093203
0091901
0091902
0091903
0022401
0022402
0022403
0022301
0022302
0022303
0056801
0056802
0056803
0086001
0086002
0086003
0012801
0012802
0012803
0044601
0044602
0044603
0088701
0088702
0088703
0088801
0088802
0088803
0070301
0070302
0070303
0059601
0059602
0059603
0025601
0025602
0025603
0040501
0040502
0040503
0096801
0096802
0096803
0035101
0035102
0035103
0069501
0069502
0069503
0048501
0048502
0048503
0055601
0055602
0055603
0019101
0019102
0019103
0099801
0099802
0099803
0072601
0072602
0072603
0020701
0020702
0020703
0052101
0052102
0052103
0058301
0058302
0058303
0098401
0098402
0098403
0004701
0004702
0004703
0052901
0052902
0052903
0063001
0063002
0063003
0060601
0060602
0060603
0096301
0096302
0096303
0037301
0037302
0037303
0000201
0000202
0000203
0003601
0003602
0003603
0004101
0004102
0004103
0027601
0027602
0027603
0023901
0023902
0023903
0053601
0053602
0053603
0083501
0083502
0083503
0094301
0094302
0094303
0095001
0095002
0095003
0056001
0056002
0056003
0048301
0048302
0048303
0032401
0032402
0032403
0041501
0041502
0041503
0000501
0000502
0000503
0022601
0022602
0022603
0003001
0003002
0003003
0054401
0054402
0054403
0083601
0083602
0083603
0066701
0066702
0066703
0024201
0024202
0024203
0072001
0072002
0072003
0023501
0023502
0023503
0075901
0075902
0075903
0019701
0019702
0019703
0069801
0069802
0069803
0036801
0036802
0036803
0040101
0040102
0040103
0028701
0028702
0028703
0063201
0063202
0063203
0034501
0034502
0034503
0087801
0087802
0087803
0006101
0006102
0006103
0003801
0003802
0003803
0016301
0016302
0016303
0057901
0057902
0057903
0081301
0081302
0081303
0042101
0042102
0042103
0026101
0026102
0026103
0002501
0002502
0002503
0008201
0008202
0008203
0046001
0046002
0046003
0078301
0078302
0078303
0082701
0082702
0082703
0038001
0038002
0038003
0086701
0086702
0086703
0095901
0095902
0095903
0087701
0087702
0087703
0062501
0062502
0062503
0086401
0086402
0086403
0079801
0079802
0079803
0073901
0073902
0073903
0002701
0002702
0002703
0029101
0029102
0029103
0089301
0089302
0089303
0091801
0091802
0091803
0030201
0030202
0030203
0045601
0045602
0045603
0051901
0051902
0051903
0049401
0049402
0049403
0097801
0097802
0097803
0006601
0006602
0006603
0032601
0032602
0032603
0008101
0008102
0008103
0081501
0081502
0081503
0095601
0095602
0095603
0053201
0053202
0053203
0095201
0095202
0095203
0058401
0058402
0058403
0062801
0062802
0062803
0052601
0052602
0052603
0012701
0012702
0012703
0079501
0079502
0079503
0007201
0007202
0007203
0022201
0022202
0022203
0044401
0044402
0044403
0097301
0097302
0097303
0088901
0088902
0088903
0014901
0014902
0014903
0001801
0001802
0001803
0034201
0034202
0034203
0026901
0026902
0026903
0012501
0012502
0012503
0060201
0060202
0060203
0077601
0077602
0077603
0071501
0071502
0071503
0080001
0080002
0080003
0008901
0008902
0008903
0061201
0061202
0061203
0016201
0016202
0016203
0027701
0027702
0027703
0037201
0037202
0037203
0018901
0018902
0018903
0021101
0021102
0021103
0076601
0076602
0076603
0090001
0090002
0090003
0016601
0016602
0016603
0098001
0098002
0098003
0018401
0018402
0018403
0095101
0095102
0095103
0074101
0074102
0074103
0089001
0089002
0089003
0099001
0099002
0099003
0082901
0082902
0082903
0083301
0083302
0083303
0064401
0064402
0064403
0014801
0014802
0014803
0093901
0093902
0093903
0034701
0034702
0034703
0076301
0076302
0076303
0066001
0066002
0066003
0038901
0038902
0038903
0019501
0019502
0019503
0047101
0047102
0047103
0013501
0013502
0013503
0052201
0052202
0052203
0087001
0087002
0087003
0099201
0099202
0099203
0070901
0070902
0070903
0058101
0058102
0058103
0093601
0093602
0093603
0017401
0017402
0017403
0055901
0055902
0055903
0098801
0098802
0098803
0057201
0057202
0057203
0068401
0068402
0068403
0078801
0078802
0078803
0012301
0012302
0012303
0054601
0054602
0054603
0085301
0085302
0085303
0031701
0031702
0031703
0004501
0004502
0004503
0077801
0077802
0077803
0029001
0029002
0029003
0049701
0049702
0049703
0022101
0022102
0022103
0005901
0005902
0005903
0049301
0049302
0049303
0075801
0075802
0075803
0034001
0034002
0034003
0067001
0067002
0067003
0001001
0001002
0001003
0016501
0016502
0016503
0006201
0006202
0006203
0040001
0040002
0040003
0032501
0032502
0032503
0015901
0015902
0015903
0015301
0015302
0015303
0058501
0058502
0058503
0087501
0087502
0087503
0061901
0061902
0061903
0067301
0067302
0067303
0011701
0011702
0011703
0040801
0040802
0040803
0010801
0010802
0010803
0079601
0079602
0079603
0094001
0094002
0094003
0065801
0065802
0065803
0081201
0081202
0081203
0080701
0080702
0080703
0061601
0061602
0061603
0070201
0070202
0070203
0043001
0043002
0043003
0052401
0052402
0052403
0028301
0028302
0028303
0041401
0041402
0041403
0036101
0036102
0036103
0031201
0031202
0031203
0028501
0028502
0028503
0020101
0020102
0020103
0097101
0097102
0097103
0056201
0056202
0056203
0078001
0078002
0078003
0025101
0025102
0025103
0064101
0064102
0064103
0041701
0041702
0041703
0095801
0095802
0095803
0099601
0099602
0099603
0027401
0027402
0027403
0061401
0061402
0061403
0053401
0053402
0053403
0011801
0011802
0011803
0021701
0021702
0021703
0059801
0059802
0059803
0059501
0059502
0059503
0067401
0067402
0067403
0084301
0084302
0084303
0088401
0088402
0088403
0021201
0021202
0021203
0037701
0037702
0037703
0041101
0041102
0041103
0027201
0027202
0027203
0013801
0013802
0013803
0076401
0076402
0076403
0075601
0075602
0075603
0081401
0081402
0081403
0050301
0050302
0050303
0035601
0035602
0035603
0043501
0043502
0043503
0049001
0049002
0049003
0058701
0058702
0058703
0034101
0034102
0034103
0072401
0072402
0072403
0035801
0035802
0035803
0026701
0026702
0026703
0065601
0065602
0065603
0097701
0097702
0097703
0017601
0017602
0017603
0060301
0060302
0060303
0019301
0019302
0019303
0098501
0098502
0098503
0026501
0026502
0026503
0048201
0048202
0048203
0098601
0098602
0098603
0067201
0067202
0067203
0029601
0029602
0029603
0005501
0005502
0005503
0009001
0009002
0009003
0018601
0018602
0018603
0093001
0093002
0093003
0097201
0097202
0097203
0040301
0040302
0040303
0085001
0085002
0085003
0031101
0031102
0031103
0040701
0040702
0040703
0009301
0009302
0009303
0046901
0046902
0046903
0089201
0089202
0089203
0001501
0001502
0001503
0021301
0021302
0021303
0041001
0041002
0041003
0088301
0088302
0088303
0032301
0032302
0032303
0071001
0071002
0071003
0047301
0047302
0047303
0080401
0080402
0080403
0016101
0016102
0016103
0077901
0077902
0077903
0031501
0031502
0031503
0007501
0007502
0007503
0044701
0044702
0044703
0030801
0030802
0030803
0098301
0098302
0098303
0068101
0068102
0068103
0050701
0050702
0050703
0030401
0030402
0030403
0063701
0063702
0063703
0098901
0098902
0098903
0045001
0045002
0045003
0076201
0076202
0076203
0006001
0006002
0006003
0003101
0003102
0003103
0011401
0011402
0011403
0084801
0084802
0084803
0062701
0062702
0062703
0041301
0041302
0041303
0068001
0068002
0068003
0037901
0037902
0037903
0088201
0088202
0088203
0085701
0085702
0085703
0005601
0005602
0005603
0071401
0071402
0071403
0001901
0001902
0001903
0092701
0092702
0092703
0014601
0014602
0014603
0042201
0042202
0042203
0066301
0066302
0066303
0039801
0039802
0039803
0006501
0006502
0006503
0051801
0051802
0051803
0029701
0029702
0029703
0072701
0072702
0072703
0087601
0087602
0087603
0052701
0052702
0052703
0024101
0024102
0024103
0021901
0021902
0021903
0018201
0018202
0018203
0048901
0048902
0048903
0019401
0019402
0019403
0085401
0085402
0085403
0082501
0082502
0082503
0015401
0015402
0015403
0073801
0073802
0073803
0056401
0056402
0056403
0071201
0071202
0071203
0078601
0078602
0078603
0040201
0040202
0040203
0023001
0023002
0023003
0099401
0099402
0099403
0067101
0067102
0067103
0019801
0019802
0019803
0060801
0060802
0060803
0022701
0022702
0022703
0048601
0048602
0048603
0068901
0068902
0068903
0025301
0025302
0025303
